<?xml version="1.0" encoding="UTF-8" standalone="no" ?>
<SimscapeMultibodyImportXML version="2.0" xmlns="urn:mathworks:SimscapeMultibody:import" xmlns:xsi="http://www.w3.org/2001/XMLSchema-instance">
<Created by="" on="01/23/21||10:46:45" using="Simscape Multibody Link Version 7.0" from="SolidWorks 28.0.0"/>
<ModelUnits mass="kilogram" length="millimeter"/>
<DataUnits mass="kilogram" length="meter"/>
<RootAssembly name="trial" uid="trial" version="117">
<AssemblyFile name="trial.SLDASM" type="SolidWorks Assembly"/>
<InstanceTree>
<Instance name="RodaOmni 60 mm.stp-3" uid="RodaOmni 60 mm.stp-3" entityUid="RodaOmni 60 mm.stp" rigid="true">
<Transform>
<Rotation>-5.9388939039072295e-15 -1 0 1 -5.9388939039072295e-15 0 0 0 1</Rotation>
<Translation>0.0029007379559522631 0.102497797613029 0.016830227631805</Translation>
</Transform>
<Instance name="Dasar.stp-1" uid="Dasar.stp-1" grounded="true" entityUid="Dasar.stp*:*Default">
<Transform>
<Rotation>1 9.4993457228677366e-16 3.1244888921925315e-16 1.0000000000000005e-15 -0.94993457228677325 -0.31244888921925307 0 0.31244888921925307 -0.94993457228677325</Rotation>
<Translation>-0.0024977976130289986 0.0029007379559530004 -0.0018302276318050009</Translation>
</Transform>
</Instance>
<Instance name="Roller.stp-2" uid="Roller.stp-2" grounded="true" entityUid="Roller.stp*:*Default">
<Transform>
<Rotation>0 1 0 -0.58487605428751799 0 0.81112267945179795 0.81112267945179795 0 0.58487605428751799</Rotation>
<Translation>-0.02145461899470899 0.015798251505111001 -0.019700534443642</Translation>
</Transform>
</Instance>
<Instance name="Roller.stp-3" uid="Roller.stp-3" grounded="true" entityUid="Roller.stp*:*Default">
<Transform>
<Rotation>0 -1 0 0.94994061630328597 0 0.31243051307024 -0.31243051307024 0 0.94994061630328597</Rotation>
<Translation>0.021959023768650998 -0.018036370887192996 0.0050495354214400018</Translation>
</Transform>
</Instance>
<Instance name="Roller.stp-1" uid="Roller.stp-1" grounded="true" entityUid="Roller.stp*:*Default">
<Transform>
<Rotation>0 1 0 -0.95216015018524147 0 -0.30559949018154181 -0.30559949018154181 0 0.95216015018524147</Rotation>
<Translation>-0.021454618994709004 0.023882469289013001 0.0049122231495689998</Translation>
</Transform>
</Instance>
<Instance name="Roller.stp-7" uid="Roller.stp-7" grounded="true" entityUid="Roller.stp*:*Default">
<Transform>
<Rotation>0 -1 0 0.58487605428749401 0 0.81112267945181504 -0.81112267945181504 0 0.58487605428749401</Rotation>
<Translation>0.0084590237686509862 -0.0099826314294989976 0.016050278109084</Translation>
</Transform>
</Instance>
<Instance name="Roller.stp-4" uid="Roller.stp-4" grounded="true" entityUid="Roller.stp*:*Default">
<Transform>
<Rotation>0 -1 0 0.59068686942967574 0 -0.80690087512864261 0.80690087512864261 0 0.59068686942967574</Rotation>
<Translation>0.021959023768650998 -0.010108296259309001 -0.019619515915064001</Translation>
</Transform>
</Instance>
<Instance name="Roller.stp-5" uid="Roller.stp-5" grounded="true" entityUid="Roller.stp*:*Default">
<Transform>
<Rotation>0 1 0 -0.0035912812602210019 0 -0.99999355132866241 -0.99999355132866241 0 0.0035912812602210019</Rotation>
<Translation>-0.021454618994709004 0.0029733445261799999 0.020208111714181999</Translation>
</Transform>
</Instance>
<Instance name="Dasar_1.stp-1" uid="Dasar_1.stp-1" grounded="true" entityUid="Dasar_1.stp*:*Default">
<Transform>
<Rotation>-1 -9.4994665996429714e-16 3.1241213680437707e-16 -1.0000000000000005e-15 0.94994665996429672 -0.31241213680437696 0 -0.31241213680437696 -0.94994665996429672</Rotation>
<Translation>-0.010497797613029006 0.0029007379559529999 -0.0018302276318050009</Translation>
</Transform>
</Instance>
<Instance name="Roller.stp-6" uid="Roller.stp-6" grounded="true" entityUid="Roller.stp*:*Default">
<Transform>
<Rotation>0 -1 0 0.95216015018525102 0 -0.305599490181513 0.305599490181513 0 0.95216015018525102</Rotation>
<Translation>0.008459023768651 -0.018086322348084001 -0.0085560748717169992</Translation>
</Transform>
</Instance>
<Instance name="Roller.stp-8" uid="Roller.stp-8" grounded="true" entityUid="Roller.stp*:*Default">
<Transform>
<Rotation>0 1 0 -0.94994061630326454 0 0.31243051307030489 0.31243051307030489 0 0.94994061630326454</Rotation>
<Translation>-0.034954618994709002 0.023834081821926 -0.0087214380456200006</Translation>
</Transform>
</Instance>
<Instance name="Roller.stp-9" uid="Roller.stp-9" grounded="true" entityUid="Roller.stp*:*Default">
<Transform>
<Rotation>0 1 0 -0.590686869429626 0 -0.80690087512867903 -0.80690087512867903 0 0.590686869429626</Rotation>
<Translation>-0.034954618994709002 0.015923842655013998 0.015948760439516999</Translation>
</Transform>
</Instance>
<Instance name="Roller.stp-10" uid="Roller.stp-10" grounded="true" entityUid="Roller.stp*:*Default">
<Transform>
<Rotation>0 -1 0 0.0035912812601589981 0 -0.99999355132866252 0.99999355132866252 0 0.0035912812601589981</Rotation>
<Translation>0.008459023768651 0.0028106938125420002 -0.023868504354158</Translation>
</Transform>
</Instance>
</Instance>
<Instance name="RodaOmni 60 mm.stp-2" uid="RodaOmni 60 mm.stp-2" entityUid="RodaOmni 60 mm.stp" rigid="true">
<Transform>
<Rotation>0.86602540378443849 0.50000000000000044 0 -0.50000000000000044 0.86602540378443849 0 0 0 1</Rotation>
<Translation>0.087315327586862723 -0.053761011566091539 0.016830227631805</Translation>
</Transform>
<Instance name="Dasar.stp-1" uid="Dasar.stp-1" grounded="true" entityUid="Dasar.stp*:*Default">
<Transform>
<Rotation>1 1.0547118733938987e-15 3.3306690738754681e-16 1.0547118733938987e-15 -0.94993457228677347 -0.31244888921925307 0 0.31244888921925307 -0.94993457228677336</Rotation>
<Translation>-0.0024977976130289986 0.0029007379559529978 -0.0018302276318050009</Translation>
</Transform>
</Instance>
<Instance name="Roller.stp-2" uid="Roller.stp-2" grounded="true" entityUid="Roller.stp*:*Default">
<Transform>
<Rotation>0 1 0 -0.5848760542875181 0 0.81112267945179817 0.81112267945179795 0 0.58487605428751799</Rotation>
<Translation>-0.021454618994709004 0.015798251505110994 -0.019700534443642</Translation>
</Transform>
</Instance>
<Instance name="Roller.stp-3" uid="Roller.stp-3" grounded="true" entityUid="Roller.stp*:*Default">
<Transform>
<Rotation>0 -1 0 0.94994061630328619 0 0.31243051307024006 -0.31243051307024 0 0.94994061630328597</Rotation>
<Translation>0.021959023768651012 -0.01803637088719301 0.0050495354214400018</Translation>
</Transform>
</Instance>
<Instance name="Roller.stp-1" uid="Roller.stp-1" grounded="true" entityUid="Roller.stp*:*Default">
<Transform>
<Rotation>0 1 0 -0.95216015018524169 0 -0.30559949018154187 -0.30559949018154181 0 0.95216015018524169</Rotation>
<Translation>-0.021454618994709004 0.023882469289012991 0.0049122231495689998</Translation>
</Transform>
</Instance>
<Instance name="Roller.stp-7" uid="Roller.stp-7" grounded="true" entityUid="Roller.stp*:*Default">
<Transform>
<Rotation>0 -1 0 0.58487605428749412 0 0.81112267945181515 -0.81112267945181504 0 0.58487605428749401</Rotation>
<Translation>0.008459023768651 -0.0099826314294990046 0.016050278109084</Translation>
</Transform>
</Instance>
<Instance name="Roller.stp-4" uid="Roller.stp-4" grounded="true" entityUid="Roller.stp*:*Default">
<Transform>
<Rotation>0 -1 0 0.59068686942967585 0 -0.80690087512864273 0.80690087512864261 0 0.59068686942967585</Rotation>
<Translation>0.021959023768651026 -0.010108296259309014 -0.019619515915064001</Translation>
</Transform>
</Instance>
<Instance name="Roller.stp-5" uid="Roller.stp-5" grounded="true" entityUid="Roller.stp*:*Default">
<Transform>
<Rotation>0 1 0 -0.0035912812602210019 0 -0.99999355132866263 -0.99999355132866241 0 0.0035912812602210019</Rotation>
<Translation>-0.02145461899470899 0.0029733445261799912 0.020208111714181999</Translation>
</Transform>
</Instance>
<Instance name="Dasar_1.stp-1" uid="Dasar_1.stp-1" grounded="true" entityUid="Dasar_1.stp*:*Default">
<Transform>
<Rotation>-1 -1.1102230246251565e-15 3.3306690738754681e-16 -1.0547118733938987e-15 0.94994665996429695 -0.31241213680437696 0 -0.31241213680437691 -0.94994665996429672</Rotation>
<Translation>-0.010497797613028992 0.0029007379559529978 -0.0018302276318050009</Translation>
</Transform>
</Instance>
<Instance name="Roller.stp-6" uid="Roller.stp-6" grounded="true" entityUid="Roller.stp*:*Default">
<Transform>
<Rotation>0 -1 0 0.95216015018525091 0 -0.30559949018151289 0.30559949018151289 0 0.95216015018525091</Rotation>
<Translation>0.0084590237686510139 -0.018086322348084008 -0.0085560748717169992</Translation>
</Transform>
</Instance>
<Instance name="Roller.stp-8" uid="Roller.stp-8" grounded="true" entityUid="Roller.stp*:*Default">
<Transform>
<Rotation>0 1 0 -0.94994061630326465 0 0.31243051307030489 0.31243051307030484 0 0.94994061630326465</Rotation>
<Translation>-0.034954618994709002 0.023834081821925993 -0.0087214380456200006</Translation>
</Transform>
</Instance>
<Instance name="Roller.stp-9" uid="Roller.stp-9" grounded="true" entityUid="Roller.stp*:*Default">
<Transform>
<Rotation>0 1 0 -0.59068686942962612 0 -0.80690087512867914 -0.80690087512867903 0 0.590686869429626</Rotation>
<Translation>-0.034954618994709002 0.015923842655013992 0.015948760439516999</Translation>
</Transform>
</Instance>
<Instance name="Roller.stp-10" uid="Roller.stp-10" grounded="true" entityUid="Roller.stp*:*Default">
<Transform>
<Rotation>0 -1 0 0.0035912812601589985 0 -0.99999355132866274 0.99999355132866252 0 0.0035912812601589985</Rotation>
<Translation>0.0084590237686510139 0.002810693812541995 -0.023868504354158</Translation>
</Transform>
</Instance>
</Instance>
<Instance name="RodaOmni 60 mm.stp-1" uid="RodaOmni 60 mm.stp-1" entityUid="RodaOmni 60 mm.stp" rigid="true">
<Transform>
<Rotation>0.8660254037844396 -0.49999999999999867 0 0.49999999999999867 0.8660254037844396 0 0 0 1</Rotation>
<Translation>-0.076060811983796717 -0.047263213953062523 0.016830227631805</Translation>
</Transform>
<Instance name="Dasar.stp-1" uid="Dasar.stp-1" grounded="true" entityUid="Dasar.stp*:*Default">
<Transform>
<Rotation>1.0000000000000002 9.9920072216264089e-16 3.3306690738754676e-16 1.0547118733938987e-15 -0.94993457228677347 -0.31244888921925312 0 0.31244888921925307 -0.94993457228677336</Rotation>
<Translation>-0.0024977976130289986 0.0029007379559530047 -0.0018302276318050009</Translation>
</Transform>
</Instance>
<Instance name="Roller.stp-2" uid="Roller.stp-2" grounded="true" entityUid="Roller.stp*:*Default">
<Transform>
<Rotation>0 1 0 -0.5848760542875181 0 0.81112267945179783 0.81112267945179783 0 0.5848760542875181</Rotation>
<Translation>-0.021454618994709004 0.015798251505111001 -0.019700534443642</Translation>
</Transform>
</Instance>
<Instance name="Roller.stp-3" uid="Roller.stp-3" grounded="true" entityUid="Roller.stp*:*Default">
<Transform>
<Rotation>0 -1 0 0.94994061630328597 0 0.31243051307024 -0.31243051307023995 0 0.94994061630328575</Rotation>
<Translation>0.021959023768651012 -0.018036370887193006 0.0050495354214400018</Translation>
</Transform>
</Instance>
<Instance name="Roller.stp-1" uid="Roller.stp-1" grounded="true" entityUid="Roller.stp*:*Default">
<Transform>
<Rotation>0 1 0 -0.95216015018524169 0 -0.30559949018154176 -0.30559949018154176 0 0.95216015018524136</Rotation>
<Translation>-0.021454618994709004 0.023882469289013011 0.0049122231495689998</Translation>
</Transform>
</Instance>
<Instance name="Roller.stp-7" uid="Roller.stp-7" grounded="true" entityUid="Roller.stp*:*Default">
<Transform>
<Rotation>0 -1 0 0.58487605428749423 0 0.81112267945181504 -0.81112267945181504 0 0.58487605428749412</Rotation>
<Translation>0.0084590237686510139 -0.0099826314294989976 0.016050278109084</Translation>
</Transform>
</Instance>
<Instance name="Roller.stp-4" uid="Roller.stp-4" grounded="true" entityUid="Roller.stp*:*Default">
<Transform>
<Rotation>0 -1 0 0.59068686942967585 0 -0.80690087512864273 0.80690087512864261 0 0.59068686942967574</Rotation>
<Translation>0.021959023768651012 -0.010108296259309001 -0.019619515915064001</Translation>
</Transform>
</Instance>
<Instance name="Roller.stp-5" uid="Roller.stp-5" grounded="true" entityUid="Roller.stp*:*Default">
<Transform>
<Rotation>0 1 0 -0.0035912812602210027 0 -0.99999355132866252 -0.99999355132866241 0 0.0035912812602210019</Rotation>
<Translation>-0.021454618994709004 0.0029733445261800051 0.020208111714181999</Translation>
</Transform>
</Instance>
<Instance name="Dasar_1.stp-1" uid="Dasar_1.stp-1" grounded="true" entityUid="Dasar_1.stp*:*Default">
<Transform>
<Rotation>-1 -1.00192002135522e-15 3.2950479007993523e-16 -1.0547118733938985e-15 0.94994665996429672 -0.31241213680437685 0 -0.31241213680437685 -0.94994665996429672</Rotation>
<Translation>-0.010497797613028992 0.0029007379559529978 -0.0018302276318050009</Translation>
</Transform>
</Instance>
<Instance name="Roller.stp-6" uid="Roller.stp-6" grounded="true" entityUid="Roller.stp*:*Default">
<Transform>
<Rotation>0 -1 0 0.95216015018525102 0 -0.30559949018151289 0.30559949018151289 0 0.95216015018525069</Rotation>
<Translation>0.0084590237686510139 -0.018086322348084011 -0.0085560748717169992</Translation>
</Transform>
</Instance>
<Instance name="Roller.stp-8" uid="Roller.stp-8" grounded="true" entityUid="Roller.stp*:*Default">
<Transform>
<Rotation>0 1 0 -0.94994061630326465 0 0.31243051307030484 0.31243051307030484 0 0.94994061630326454</Rotation>
<Translation>-0.034954618994709002 0.023834081821926 -0.0087214380456200006</Translation>
</Transform>
</Instance>
<Instance name="Roller.stp-9" uid="Roller.stp-9" grounded="true" entityUid="Roller.stp*:*Default">
<Transform>
<Rotation>0 1 0 -0.59068686942962612 0 -0.80690087512867903 -0.80690087512867892 0 0.590686869429626</Rotation>
<Translation>-0.034954618994709002 0.015923842655013995 0.015948760439516999</Translation>
</Transform>
</Instance>
<Instance name="Roller.stp-10" uid="Roller.stp-10" grounded="true" entityUid="Roller.stp*:*Default">
<Transform>
<Rotation>0 -1 0 0.0035912812601589994 0 -0.99999355132866252 0.99999355132866252 0 0.0035912812601589985</Rotation>
<Translation>0.0084590237686510139 0.002810693812542002 -0.023868504354158</Translation>
</Transform>
</Instance>
</Instance>
<Instance name="base.step-1" uid="base.step-1" grounded="true" entityUid="base.step*:*Default">
<Transform>
<Rotation>1 0 0 0 1 0 0 0 1</Rotation>
<Translation>0 0 0</Translation>
</Transform>
</Instance>
</InstanceTree>
<Constraints>
<Concentric name="Concentric1">
<ConstraintGeometry geomType="cylinder">
<InstancePath>
<Uid>base.step-1</Uid>
</InstancePath>
<Position>-7.6744166577214001e-16 0.105 0.014999999999999999</Position>
<Axis>6.93889390390723e-15 -1 0</Axis>
</ConstraintGeometry>
<ConstraintGeometry geomType="cylinder">
<InstancePath>
<Uid>RodaOmni 60 mm.stp-3</Uid>
<Uid>Dasar_1.stp-1</Uid>
</InstancePath>
<Position>0.0050000000000000044 0 0</Position>
<Axis>-1 0 0</Axis>
</ConstraintGeometry>
</Concentric>
<Coincident name="Coincident2">
<ConstraintGeometry geomType="plane">
<InstancePath>
<Uid>base.step-1</Uid>
</InstancePath>
<Position>-7.6744166577214001e-16 0.105 0.014999999999999999</Position>
<Axis>-7.3829831137572894e-15 1 0</Axis>
</ConstraintGeometry>
<ConstraintGeometry geomType="plane">
<InstancePath>
<Uid>RodaOmni 60 mm.stp-3</Uid>
<Uid>Dasar.stp-1</Uid>
</InstancePath>
<Position>0.0050000000000000044 0 0</Position>
<Axis>1 0 0</Axis>
</ConstraintGeometry>
</Coincident>
<Concentric name="Concentric2">
<ConstraintGeometry geomType="cylinder">
<InstancePath>
<Uid>base.step-1</Uid>
</InstancePath>
<Position>-0.090932667397366204 -0.052499999999999998 0.014999999999999999</Position>
<Axis>0.86602540378443893 0.49999999999999944 0</Axis>
</ConstraintGeometry>
<ConstraintGeometry geomType="cylinder">
<InstancePath>
<Uid>RodaOmni 60 mm.stp-1</Uid>
<Uid>Dasar.stp-1</Uid>
</InstancePath>
<Position>0.0050000000000000044 0 0</Position>
<Axis>-1 0 0</Axis>
</ConstraintGeometry>
</Concentric>
<Coincident name="Coincident3">
<ConstraintGeometry geomType="plane">
<InstancePath>
<Uid>base.step-1</Uid>
</InstancePath>
<Position>-0.090932667397366204 -0.052499999999999998 0.014999999999999999</Position>
<Axis>-0.86602540378443893 -0.49999999999999944 0</Axis>
</ConstraintGeometry>
<ConstraintGeometry geomType="plane">
<InstancePath>
<Uid>RodaOmni 60 mm.stp-1</Uid>
<Uid>Dasar_1.stp-1</Uid>
</InstancePath>
<Position>0.0050000000000000044 0 0</Position>
<Axis>1 -1.1102230246251554e-16 0</Axis>
</ConstraintGeometry>
</Coincident>
<Concentric name="Concentric3">
<ConstraintGeometry geomType="cylinder">
<InstancePath>
<Uid>base.step-1</Uid>
</InstancePath>
<Position>0.090932667397366204 -0.052499999999999998 0.014999999999999999</Position>
<Axis>-0.86602540378443893 0.49999999999999944 0</Axis>
</ConstraintGeometry>
<ConstraintGeometry geomType="cylinder">
<InstancePath>
<Uid>RodaOmni 60 mm.stp-2</Uid>
<Uid>Dasar_1.stp-1</Uid>
</InstancePath>
<Position>0.0050000000000000183 0 0</Position>
<Axis>-1 -1.1102230246251573e-16 0</Axis>
</ConstraintGeometry>
</Concentric>
<Coincident name="Coincident4">
<ConstraintGeometry geomType="plane">
<InstancePath>
<Uid>base.step-1</Uid>
</InstancePath>
<Position>0.090932667397366204 -0.052499999999999998 0.014999999999999999</Position>
<Axis>0.86602540378443893 -0.49999999999999944 0</Axis>
</ConstraintGeometry>
<ConstraintGeometry geomType="plane">
<InstancePath>
<Uid>RodaOmni 60 mm.stp-2</Uid>
<Uid>Dasar.stp-1</Uid>
</InstancePath>
<Position>0.0050000000000000044 0 0</Position>
<Axis>1 0 0</Axis>
</ConstraintGeometry>
</Coincident>
</Constraints>
</RootAssembly>
<Assemblies>
<Assembly name="RodaOmni 60 mm.stp" uid="RodaOmni 60 mm.stp" version="103">
<ModelUnits mass="kilogram" length="millimeter"/>
<AssemblyFile name="RodaOmni 60 mm.stp.SLDASM" type="SolidWorks Assembly"/>
</Assembly>
</Assemblies>
<Parts>
<Part name="Dasar.stp" uid="Dasar.stp*:*Default" version="102">
<ModelUnits mass="kilogram" length="millimeter"/>
<PartFile name="Dasar.stp.SLDPRT" type="SolidWorks Part"/>
<MassProperties>
<Mass>0.010133234993805145</Mass>
<CenterOfMass>0.0018302438818598565 2.1043579717473895e-09 -4.2625879168810606e-09</CenterOfMass>
<Inertia>3.5821815833875764e-06 1.8452704655194879e-06 1.8452702848323155e-06 1.5836457733717359e-14 2.1250648944143976e-13 -1.2612272440119942e-15</Inertia>
</MassProperties>
<GeometryFile name="Dasar.stp_Default_sldprt.STEP" type="STEP"/>
<VisualProperties>
<Ambient r="0.74901960784313726" g="0.74901960784313726" b="0.74901960784313726" a="1"/>
<Diffuse r="0.74901960784313726" g="0.74901960784313726" b="0.74901960784313726" a="1"/>
<Specular r="0.52431372549019606" g="0.52431372549019606" b="0.52431372549019606" a="1"/>
<Emissive r="0" g="0" b="0" a="1"/>
<Shininess>0.3125</Shininess>
</VisualProperties>
</Part>
<Part name="Dasar_1.stp" uid="Dasar_1.stp*:*Default" version="102">
<ModelUnits mass="kilogram" length="millimeter"/>
<PartFile name="Dasar_1.stp.SLDPRT" type="SolidWorks Part"/>
<MassProperties>
<Mass>0.010133234993805152</Mass>
<CenterOfMass>0.0018302438818598549 2.1043579684005394e-09 -4.2625878997998843e-09</CenterOfMass>
<Inertia>3.5821815833875887e-06 1.8452704655194949e-06 1.8452702848323235e-06 1.5836455965579325e-14 2.125064889858168e-13 -1.2612270081362727e-15</Inertia>
</MassProperties>
<GeometryFile name="Dasar_1.stp_Default_sldprt.STEP" type="STEP"/>
<VisualProperties>
<Ambient r="0.74901960784313726" g="0.74901960784313726" b="0.74901960784313726" a="1"/>
<Diffuse r="0.74901960784313726" g="0.74901960784313726" b="0.74901960784313726" a="1"/>
<Specular r="0.52431372549019606" g="0.52431372549019606" b="0.52431372549019606" a="1"/>
<Emissive r="0" g="0" b="0" a="1"/>
<Shininess>0.3125</Shininess>
</VisualProperties>
</Part>
<Part name="Roller.stp" uid="Roller.stp*:*Default" version="102">
<ModelUnits mass="kilogram" length="millimeter"/>
<PartFile name="Roller.stp.SLDPRT" type="SolidWorks Part"/>
<MassProperties>
<Mass>0.0021782491455753141</Mass>
<CenterOfMass>0 0.021706821381679717 0</CenterOfMass>
<Inertia>7.4001217508564598e-08 7.4001217508564598e-08 4.8468714227388308e-08 5.6655028912395306e-13 0 0</Inertia>
</MassProperties>
<GeometryFile name="Roller.stp_Default_sldprt.STEP" type="STEP"/>
<VisualProperties>
<Ambient r="0.6470588235294118" g="0.61960784313725492" b="0.58431372549019611" a="1"/>
<Diffuse r="0.6470588235294118" g="0.61960784313725492" b="0.58431372549019611" a="1"/>
<Specular r="0.45294117647058824" g="0.43372549019607842" b="0.40901960784313723" a="1"/>
<Emissive r="0" g="0" b="0" a="1"/>
<Shininess>0.3125</Shininess>
</VisualProperties>
</Part>
<Part name="base.step" uid="base.step*:*Default" version="119">
<ModelUnits mass="kilogram" length="millimeter"/>
<PartFile name="base.step.SLDPRT" type="SolidWorks Part"/>
<MassProperties>
<Mass>0.6233603368516436</Mass>
<CenterOfMass>0 0 0.024863926213086751</CenterOfMass>
<Inertia>0.00084659277851521536 0.00084659277851521612 0.0014351603180157353 0 0 0</Inertia>
</MassProperties>
<GeometryFile name="base.step_Default_sldprt.STEP" type="STEP"/>
<VisualProperties>
<Ambient r="0.6470588235294118" g="0.61960784313725492" b="0.58431372549019611" a="1"/>
<Diffuse r="0.6470588235294118" g="0.61960784313725492" b="0.58431372549019611" a="1"/>
<Specular r="0.45294117647058824" g="0.43372549019607842" b="0.40901960784313723" a="1"/>
<Emissive r="0" g="0" b="0" a="1"/>
<Shininess>0.3125</Shininess>
</VisualProperties>
</Part>
</Parts>
</SimscapeMultibodyImportXML>
